
             precision    recall  f1-score   support

      Tulip       0.96      0.64      0.77        80
   Snowdrop       0.79      0.81      0.80        80
 LilyValley       0.80      0.94      0.86        80
   Bluebell       0.70      0.74      0.72        80
     Crocus       0.68      0.89      0.77        80
       Iris       0.72      0.74      0.73        80
  Tigerlily       0.99      0.91      0.95        80
   Daffodil       0.94      0.78      0.85        80
 Fritillary       0.99      0.94      0.96        80
  Sunflower       0.88      0.90      0.89        80
      Daisy       0.89      0.82      0.86        80
  ColtsFoot       0.85      0.78      0.81        80
  Dandelion       0.85      0.85      0.85        80
    Cowslip       0.94      0.80      0.86        80
  Buttercup       0.88      0.93      0.90        80
 Windflower       0.65      0.80      0.72        80
      Pansy       0.86      0.90      0.88        80

avg / total       0.84      0.83      0.83      1360

[[51  0  0  2 14  0  0  0  0  5  1  4  0  0  2  1  0]
 [ 0 65  0  6  0  6  0  0  0  0  1  2  0  0  0  0  0]
 [ 0  2 75  0  1  1  0  1  0  0  0  0  0  0  0  0  0]
 [ 0  5  0 59  1  3  0  0  0  1  1  0  0  0  2  8  0]
 [ 0  0  0  0 71  1  0  0  0  0  0  1  3  1  1  0  2]
 [ 0  1  0  4  0 59  0  0  0  0  1  0  2  0  1 12  0]
 [ 0  1  0  2  0  0 73  1  0  0  0  1  0  1  0  1  0]
 [ 0  1 14  0  0  1  0 62  0  0  0  0  0  1  0  1  0]
 [ 0  0  0  0  2  1  0  0 75  0  0  0  2  0  0  0  0]
 [ 0  1  0  0  3  0  0  0  0 72  0  0  0  0  1  2  1]
 [ 0  0  0  3  0  2  0  0  1  3 66  0  4  0  1  0  0]
 [ 1  2  0  1  7  0  0  0  0  0  0 62  0  1  1  0  5]
 [ 1  0  0  2  4  0  0  0  0  0  3  0 68  0  1  0  1]
 [ 0  3  4  0  1  0  0  1  0  0  0  2  0 64  0  4  1]
 [ 0  0  1  2  0  0  0  0  0  0  1  0  0  0 74  2  0]
 [ 0  1  0  3  1  8  0  0  0  0  0  1  0  0  0 64  2]
 [ 0  0  0  0  0  0  1  1  0  1  0  0  1  0  0  4 72]]