
             precision    recall  f1-score   support

      Tulip       0.90      0.94      0.92        80
   Snowdrop       0.93      0.96      0.94        80
 LilyValley       0.91      0.96      0.93        80
   Bluebell       0.91      0.93      0.92        80
     Crocus       0.97      0.91      0.94        80
       Iris       0.86      0.90      0.88        80
  Tigerlily       1.00      0.95      0.97        80
   Daffodil       0.95      0.94      0.94        80
 Fritillary       0.97      0.97      0.97        80
  Sunflower       0.96      0.93      0.94        80
      Daisy       0.95      0.89      0.92        80
  ColtsFoot       0.99      0.93      0.95        80
  Dandelion       0.86      0.96      0.91        80
    Cowslip       0.99      0.97      0.98        80
  Buttercup       0.97      0.95      0.96        80
 Windflower       0.92      0.91      0.92        80
      Pansy       0.95      0.96      0.96        80

avg / total       0.94      0.94      0.94      1360

[[75  0  0  0  0  0  0  0  1  0  1  0  3  0  0  0  0]
 [ 0 77  0  0  0  3  0  0  0  0  0  0  0  0  0  0  0]
 [ 0  1 77  0  0  2  0  0  0  0  0  0  0  0  0  0  0]
 [ 0  1  2 74  0  0  0  0  0  0  1  0  0  0  0  2  0]
 [ 0  0  0  0 73  0  0  0  0  1  0  1  3  0  0  0  2]
 [ 1  0  1  1  0 72  0  0  0  0  1  0  1  0  0  3  0]
 [ 0  0  0  1  0  0 76  2  0  0  0  0  0  1  0  0  0]
 [ 0  0  5  0  0  0  0 75  0  0  0  0  0  0  0  0  0]
 [ 0  0  0  0  0  0  0  0 78  0  0  0  1  0  1  0  0]
 [ 2  1  0  0  1  0  0  0  0 74  0  0  0  0  1  1  0]
 [ 1  0  0  1  0  0  0  0  1  2 71  0  4  0  0  0  0]
 [ 2  1  0  0  1  0  0  0  0  0  0 74  0  0  0  0  2]
 [ 1  0  0  0  0  1  0  0  0  0  1  0 77  0  0  0  0]
 [ 0  0  0  0  0  0  0  2  0  0  0  0  0 78  0  0  0]
 [ 1  0  0  3  0  0  0  0  0  0  0  0  0  0 76  0  0]
 [ 0  1  0  1  0  5  0  0  0  0  0  0  0  0  0 73  0]
 [ 0  1  0  0  0  1  0  0  0  0  0  0  1  0  0  0 77]]